3 20 30 40
4 3 3 5 7
26 5450 2773 3201 7078 1480 7655 5650 8813 8357 6906 2297 1652 3832 4786 7217 8208 4307 2298 5156 5496 6808 1086 6055 8294 235 5989
33 76 2036 7262 2875 7914 8340 2798 8873 2945 3689 8438 2463 3186 3025 4852 1505 5906 3969 4296 337 375 606 2224 4026 7221 5465 3525 3638 9904 7297 7969 135 578
3 4749 2860 3067
91 6369 6426 7087 566 4854 9597 2470 4876 3984 1972 7901 9375 1783 8196 4957 582 6971 9613 2690 9234 6052 116 6688 5407 6315 5045 1687 3775 9546 1926 3095 5424 283 3523 126 462 7118 4685 5359 5439 5248 2665 9979 7707 6542 2265 7583 1751 4164 6020 6711 4602 35 6250 9187 9374 4731 8949 1433 1308 5499 9316 7851 3740 778 9666 1201 9476 8639 2721 4868 4712 6655 2942 3997 2368 6379 4591 6220 569 6198 1389 5625 4615 7404 5281 2724 4370 769 2989 4024
60 7900 840 2723 5203 678 1515 5122 1186 9464 3767 3500 5496 7486 5310 1759 4508 7597 5054 5252 49 3543 1772 6240 9221 9069 8112 9613 6211 3752 3034 100 5085 7613 8828 8330 6315 6570 4143 8697 3945 6292 6047 4215 9335 9644 7591 5085 1843 6517 2658 6112 9116 5264 1365 8646 2047 6164 497 7337 7139
99 2635 9857 3286 6289 3466 1445 8002 5177 1076 6502 4003 3744 3832 2721 463 3105 8423 4977 8176 5296 5045 911 7372 4777 4267 6383 8315 1714 4515 5540 9807 2718 4341 7204 4135 8083 9904 3699 9206 2956 1002 4753 4195 2964 8622 2424 8174 4112 9936 7116 7369 8485 2920 4375 9395 7755 9819 3230 3296 5619 4157 5771 2978 2839 3215 3339 7583 6075 5465 4196 2348 629 8730 4196 3633 4506 6461 2231 9025 7842 6835 4859 1748 4827 734 1844 2901 2989 7236 2622 9179 2883 5071 7685 8739 8859 9265 4533 790
16 2874 1332 8197 615 1526 9618 2412 908 3349 3856 900 5098 7676 1309 5352 7671
88 8106 9415 9375 2676 8990 3711 8222 2123 9524 5611 8006 8454 9991 6106 4726 4785 6683 3171 2002 4500 9401 9843 1686 7893 3882 4807 3390 3830 2407 3591 4270 1318 1597 3985 5071 9862 3974 1746 5075 4778 6113 2910 7286 6736 1260 958 1157 2039 6420 9891 1913 1520 5282 4349 5149 8292 4562 960 6430 7990 9803 1383 5040 9890 7038 8536 6323 9105 7743 2818 2415 4222 463 9011 4124 1580 8860 467 6328 4000 4180 4604 6097 1237 210 7089 4013 9751
